frame,x,y
0,274.0636291503906,550.746337890625
1,271.99334716796875,559.4144287109375
2,270.4198303222656,575.3013916015625
3,269.6361389160156,596.7569580078125
4,269.9496765136719,626.24853515625
5,267.5213317871094,665.6785278320312
6,263.2431945800781,701.8199462890625
7,,
8,,
9,,
10,253.47195434570312,698.9132080078125
11,252.0384521484375,670.375
12,250.65481567382812,643.3163452148438
13,252.13636779785156,624.860595703125
14,251.59597778320312,613.1827392578125
15,,
16,252.73170471191406,600.645263671875
17,253.82928466796875,597.0179443359375
18,255.49868774414062,594.7876586914062
19,255.62191772460938,595.5784912109375
20,256.0033264160156,599.207275390625
21,255.9027862548828,603.0878295898438
22,256.45294189453125,606.8170776367188
23,257.04620361328125,611.2843627929688
24,257.8094177246094,616.5513305664062
25,258.8218078613281,618.2049560546875
26,258.9698486328125,621.5736083984375
27,260.57977294921875,623.7230224609375
28,261.44635009765625,624.8087768554688
29,263.07977294921875,623.8162841796875
30,264.9045715332031,622.0661010742188
31,266.9017028808594,618.8446044921875
32,268.9036560058594,616.1629638671875
33,272.752197265625,611.462158203125
34,274.5987548828125,606.0448608398438
35,278.65972900390625,601.42041015625
36,285.44744873046875,597.794677734375
37,291.9912109375,591.3030395507812
38,299.541015625,584.2708740234375
39,307.75164794921875,574.0225219726562
40,314.42144775390625,562.7099609375
41,317.8777770996094,548.2080078125
42,313.8525390625,513.145751953125
43,306.0539855957031,497.16595458984375
44,291.79095458984375,483.7908935546875
45,277.02490234375,471.3618469238281
46,266.2897033691406,459.81524658203125
47,260.6585693359375,449.03521728515625
48,261.63031005859375,433.806396484375
49,266.31036376953125,419.2738342285156
50,274.6253662109375,396.48699951171875
51,288.093017578125,369.1687927246094
52,308.82379150390625,337.0288391113281
53,332.20635986328125,307.37432861328125
54,357.728271484375,278.13970947265625
55,381.03955078125,252.884521484375
56,405.6077880859375,229.15211486816406
57,427.8902587890625,207.28265380859375
58,450.66375732421875,186.35903930664062
59,472.61248779296875,169.494140625
60,493.98199462890625,153.39808654785156
61,516.480712890625,140.55093383789062
62,538.3605346679688,127.06011962890625
63,559.3131103515625,117.02403259277344
64,580.7095336914062,108.31637573242188
65,601.1005859375,101.36089324951172
66,,
67,662.2576293945312,90.51521301269531
68,,
69,,
70,722.9092407226562,94.02290344238281
71,742.4252319335938,98.38893127441406
72,762.1568603515625,104.50399780273438
73,782.56640625,111.84587097167969
74,802.7479248046875,120.82838439941406
75,822.6591796875,132.19837951660156
76,843.22802734375,144.59486389160156
77,863.4429321289062,158.41152954101562
78,884.173828125,173.67254638671875
79,903.6090698242188,191.09365844726562
80,923.682861328125,209.17518615722656
81,945.8314208984375,229.42800903320312
82,,
83,,
84,,
85,,
86,,
87,,
88,,
89,1024.1689453125,339.36376953125
90,,
91,,
92,1029.120849609375,388.0474853515625
93,1030.275146484375,408.6263427734375
94,1032.0537109375,430.7135925292969
95,1034.233154296875,454.1331787109375
96,1038.171142578125,480.9318542480469
97,1039.978759765625,509.1190185546875
98,1043.18310546875,539.8961791992188
99,1045.3128662109375,572.2949829101562
100,,
101,1055.4791259765625,685.8489990234375
102,,
103,,
104,,
105,,
106,1038.489501953125,674.250732421875
107,1031.5921630859375,647.2881469726562
108,1023.8827514648438,621.4520874023438
109,,
110,1007.1073608398438,579.8638916015625
111,1001.6981811523438,562.0444946289062
112,995.6248779296875,546.8649291992188
113,988.5120239257812,531.0385131835938
114,983.023681640625,519.275390625
115,,
116,,
117,965.2305908203125,494.5350341796875
118,958.97119140625,490.677001953125
119,953.5609130859375,488.468505859375
120,947.3657836914062,487.58795166015625
